-14.085047232618166
-14.08395703687066
-1.0280677770347553
-0.481212092291302
-0.41258215285187644
-0.41258215280943883
-0.35711614065318864
-0.05343215763371306
-0.05343215759881065
0.3935240985594956
0.5927551421878156
0.5977924769120777
0.5977924769480205
0.7342345514255799
0.7413469618528294
0.7413469618819988
0.7836701664626298
1.346053419034977
1.4185511725528372
1.4185512386687527
1.5073952936342365
1.5073952936715747
1.9016789899014819
1.9016791482552096
2.455903278500035
2.5663528586735302
2.566352858703779
2.7983520233194628
-14.085047232618166
-14.08395703687066
-1.0280677770347553
-0.481212092291302
-0.41258215285187644
-0.41258215280943883
-0.35711614065318864
-0.05343215763371306
-0.05343215759881065
0.3935240985594956
0.5927551421878156
0.5977924769120777
0.5977924769480205
0.7342345514255799
0.7413469618528294
0.7413469618819988
0.7836701664626298
1.346053419034977
1.4185511725528372
1.4185512386687527
1.5073952936342365
1.5073952936715747
1.9016789899014819
1.9016791482552096
2.455903278500035
2.5663528586735302
2.566352858703779
2.7983520233194628
-14.085047232620356
-14.083957036873004
-1.0280677770362736
-0.4812120922927508
-0.4125821528536216
-0.41258215281127586
-0.3571161406548183
-0.053432157635702165
-0.05343215760074137
0.39352409856105625
0.5927551421869578
0.5977924769100778
0.5977924769457047
0.7342345514168063
0.741346961847502
0.7413469618766353
0.7836701664600572
1.3460534190433908
1.4185511725513953
1.4185512386673307
1.5073952936324033
1.5073952936696806
1.9016789898999618
1.901679148253738
2.4559032784980985
2.5663528586720434
2.566352858701909
2.7983520233206867
-14.085047232620356
-14.083957036873004
-1.0280677770362736
-0.4812120922927508
-0.4125821528536216
-0.41258215281127586
-0.3571161406548183
-0.053432157635702165
-0.05343215760074137
0.39352409856105625
0.5927551421869578
0.5977924769100778
0.5977924769457047
0.7342345514168063
0.741346961847502
0.7413469618766353
0.7836701664600572
1.3460534190433908
1.4185511725513953
1.4185512386673307
1.5073952936324033
1.5073952936696806
1.9016789898999618
1.901679148253738
2.4559032784980985
2.5663528586720434
2.566352858701909
2.7983520233206867
-14.085047232620356
-14.083957036873004
-1.0280677770362736
-0.4812120922927508
-0.4125821528536216
-0.41258215281127586
-0.3571161406548183
-0.053432157635702165
-0.05343215760074137
0.39352409856105625
0.5927551421869578
0.5977924769100778
0.5977924769457047
0.7342345514168063
0.741346961847502
0.7413469618766353
0.7836701664600572
1.3460534190433908
1.4185511725513953
1.4185512386673307
1.5073952936324033
1.5073952936696806
1.9016789898999618
1.901679148253738
2.4559032784980985
2.5663528586720434
2.566352858701909
2.7983520233206867
